0
6425
8738
9758
13615
13655
19033
19738
19776
21569
26316
26972
34815
39468
42380
49061
87963
145999
152955
160412
240116
328965
352205
394752
462602
593674
854541
855309
929809
990018
1118464
1118481
1184274
1248273
1272880
1317888
1359565
1381632
1449728
1642503
1643545
1643785
1644825
1651584
1717629
1728193
1775649
1793568
1842204
1913758
1973790
2004720
2038026
2038555
2171142
2171163
2171169
2236962
2301728
2302755
2364429
2367520
2374579
2399474
2496790
2498323
2499106
2500128
2592674
2631706
2695475
2706568
2763300
2827062
2828327
2836760
3155515
3156522
3158064
3183362
3351066
3354413
3354929
3355443
3393339
3418688
3428943
3434779
3542630
3552308
3629602
3677972
3681605
3682365
3684408
3773998
3832097
3874837
3881273
3881787
3968060
4007447
4016230
4065802
4073251
4285507
4311295
4340748
4342338
4408131
4470602
4473924
4495803
4536109
4605510
4612472
4666933
4671303
4794651
4809033
4854924
4933187
4985359
4991511
4991513
4991515
5054731
5064516
5072410
5131837
5196359
5286655
5378955
5389875
5395026
5459435
5592405
5666134
5717555
5845795
5862272
5918280
5991734
6052945
6164237
6173981
6247213
6291544
6381914
6381921
6510384
6645086
6645094
6687291
6699455
6702131
6702352
6710886
6834797
6908265
6967599
7105644
7224647
7353344
7434609
7542806
7551546
7566195
7631988
7763302
7763574
7829367
8000018
8026746
8033996
8060972
8079449
8163038
8263442
8327953
8355711
8391449
8399890
8406579
8408320
8421504
8440772
8487025
8505220
8550167
8561591
8916559
8947848
9145087
9153470
9163744
9211020
9326109
9404166
9482692
9614535
9682745
9718290
9746121
9868939
9868950
9877964
10066329
10167040
10167474
10197647
10242335
10255717
10278878
10340289
10395294
10413298
10426903
10592406
10605751
10671280
10790054
10796367
10936534
11053224
11057133
11058773
11112295
11184810
11198148
11250586
11263426
11321948
11579812
11650146
11650917
11711154
11720246
11720952
11770767
11836942
11841150
11846761
11848043
11898395
11984581
12000284
12039862
12105912
12110705
12115392
12175727
12307315
12314088
12373110
12504182
12504184
12517551
12837073
12895428
12898689
13030021
13031851
13163437
13227146
13229526
13407549
13420474
13424014
13538264
13555607
13621402
13685196
13818270
13947850
13949600
13952918
14013333
14014162
14015375
14079128
14081171
14209512
14210459
14212247
14212502
14275263
14409117
14560552
14802147
14806505
14933676
14934482
14951168
15000550
15001506
15014691
15022389
15037299
15066325
15066596
15086900
15094016
15128239
15214341
15260347
15263452
15263939
15265772
15524822
15590858
15590859
15592411
15592899
15656370
15656651
15658734
15690752
15720923
15754290
15763456
15790320
15898392
15900208
15902016
16027569
16049608
16056407
16064048
16087552
16088855
16103246
16113596
16115926
16116442
16117459
16118756
16119285
16169823
16173957
16372627
16391736
16431936
16433750
16440736
16445409
16557154
16577252
16577510
16579836
16728450
16733986
16740096
16746306
16747109
16748864
16750080
16750592
16756055
16760320
16762880
16763432
16763913
16764506
16765952
16766323
16767702
16774560
16776442
16776958
16777215
218112546
218113566
221978645
222898459
223036995
223300167
228382686
228517106
233867264
234004016
234880250
234881023
307054404
318766330
318767103
436217374
436602368
437326080
438572045
438705939
439885588
441002267
441140803
441199131
441272132
441403975
442905727
443115881
443432263
445352703
445533725
445925906
446486494
447655326
451800027
452107824
452109632
452321212
452377439
452764770
452984058
452984574
452984831
609045837
654706176
658186261
659106075
659244611
670074880
670211632
670398976
671088382
671088639
855647774
856032768
856756480
856756497
856822290
857223704
857282841
857551774
858002445
858401316
858466343
858532890
858992429
859315988
859519289
859519803
859645463
860111940
860432667
860571203
860629531
860834375
861027891
861097451
861483811
861690961
861690972
861885229
862076287
862148400
862348902
862862663
863203947
863664762
863850275
864585864
864783103
864835622
864964125
865356306
865445970
865871792
865916894
867350728
868514559
869585866
869590934
869652178
870704341
871230427
871536408
871540032
871741262
871807839
871811973
872195170
872215006
872414458
872414974
872415231
1074136576
1077616661
1078536475
1089642032
1089829376
1090519039
1216522952
1291845632
1292174597
1292240384
1292700173
1292700941
1292964096
1293431320
1293490457
1293753629
1294082594
1294210061
1294608932
1294673959
1294738992
1294740506
1295200045
1295200561
1295201075
1295397940
1295523604
1295527997
1295658816
1295727419
1295853079
1295855912
1296316234
1296319556
1296381741
1296640283
1296778819
1296837145
1296837147
1296845900
1296910148
1296977469
1297109072
1297235507
1297305067
1297438037
1297563187
1297898577
1297898588
1298019613
1298092845
1298131758
1298227553
1298283903
1298356016
1298359132
1298556518
1299070279
1299411563
1299872378
1300057891
1300267136
1300332657
1300793480
1300990719
1301043238
1301056384
1301171741
1301433013
1301563922
1301653586
1301714310
1301714571
1302101349
1302438038
1303425444
1303556514
1304148906
1304722175
1304938175
1305793482
1305798550
1305859794
1306645694
1306647779
1306780114
1307438043
1307504366
1307744024
1307747648
1307961558
1307962074
1307964388
1308015455
1308019589
1308218259
1308422622
1308425468
1308576652
1308591910
1308594496
1308601687
1308604747
1308622590
1308622847
1511594265
1523897290
1545508592
1560281087
1711276032
1711670784
1711677478
1713184029
1714046273
1714104359
1714631475
1714860223
1715089216
1715157819
1715283479
1715287582
1715749956
1716070683
1716085065
1716276300
1716665907
1716868437
1716933887
1717150383
1717328977
1717523245
1717714303
1717786416
1717789532
1718500679
1719302778
1719488291
1720223880
1720473638
1720486784
1720602141
1720994322
1721144710
1721782290
1724152575
1724368575
1725290194
1727174424
1728053247
1931024665
1943327690
2147483648
2147812613
2147878400
2148141581
2148214779
2149069336
2149713445
2149720610
2150377008
2150839091
2151296832
2151493928
2151825986
2151957572
2152292681
2152416835
2152483916
2152615485
2153076053
2153149782
2153536593
2153769774
2153921919
2153997148
2154984050
2155510394
2155695907
2155839359
2155905152
2156431496
2156681254
2156694400
2157291602
2157352326
2157739365
2159194530
2159483932
2160360191
2161168844
2162044200
2162418130
2162506037
2163123456
2164002331
2164214668
2164260606
2164260863
2566914048
2567571981
2567645179
2568240148
2568499736
2568822045
2569143845
2569151010
2570269491
2570486556
2571387972
2571723081
2571847235
2572580182
2573200174
2573352319
2575126307
2575861896
2576111654
2576722002
2576782726
2579790591
2580006591
2582553856
2583432731
2583691006
2583691263
2787649562
2789826889
2790683990
2801593470
3003121664
3003473869
3003715338
3003779597
3003852795
3004447764
3005351461
3005358626
3006477107
3006694172
3007595588
3007930697
3008054851
3008113177
3008787798
3009559935
3012069512
3015998207
3016153515
3018761472
3019640347
3019870528
3019898622
3019898879
3226034505
3226891606
3227511598
3258727484
3422763904
3425648640
3427361097
3428218198
3428990335
3430649653
3431500856
3432785840
3435428607
3640664610
3641313805
3641387003
3642885669
3642892834
3644011315
3647094143
3651069170
3653532415
3657174555
3942645760
4000533798
4043309055
4278401920
4278542285
4278584832
4281545523
4287137928
4287393810
4288423856
4288578070
4294761984
4294921100
4294960384
4294967295
